matrix
3
(0.35355339059327384,0.0) (0.35355339059327384,0.0) (0.35355339059327384,0.0) (0.35355339059327384,0.0) (0.35355339059327384,0.0) (0.35355339059327384,0.0) (0.35355339059327384,0.0) (0.35355339059327384,0.0)
(0.35355339059327384,0.0) (0.25,0.25) (0.0,0.35355339059327384) (-0.25,0.25) (-0.35355339059327384,0.0) (-0.25,-0.25) (0.0,-0.35355339059327384) (0.25,-0.25)
(0.35355339059327384,0.0) (0.0,0.35355339059327384) (-0.35355339059327384,0.0) (0.0,-0.35355339059327384) (0.35355339059327384,0.0) (0.0,0.35355339059327384) (-0.35355339059327384,0.0) (0.0,-0.35355339059327384)
(0.35355339059327384,0.0) (-0.25,0.25) (0.0,-0.35355339059327384) (0.25,0.25) (-0.35355339059327384,0.0) (0.25,-0.25) (0.0,0.35355339059327384) (-0.25,-0.25)
(0.35355339059327384,0.0) (-0.35355339059327384,0.0) (0.35355339059327384,0.0) (-0.35355339059327384,0.0) (0.35355339059327384,0.0) (-0.35355339059327384,0.0) (0.35355339059327384,0.0) (-0.35355339059327384,0.0)
(0.35355339059327384,0.0) (-0.25,-0.25) (0.0,0.35355339059327384) (0.25,-0.25) (-0.35355339059327384,0.0) (0.25,0.25) (0.0,-0.35355339059327384) (-0.25,0.25)
(0.35355339059327384,0.0) (0.0,-0.35355339059327384) (-0.35355339059327384,0.0) (0.0,0.35355339059327384) (0.35355339059327384,0.0) (0.0,-0.35355339059327384) (-0.35355339059327384,0.0) (0.0,0.35355339059327384)
(0.35355339059327384,0.0) (0.25,-0.25) (0.0,-0.35355339059327384) (-0.25,-0.25) (-0.35355339059327384,0.0) (-0.25,0.25) (0.0,0.35355339059327384) (0.25,0.25)
1 1 1 1 1 1 1 1
1 1 1 1 1 1 1 1
1 1 1 1 1 1 1 1
1 1 1 1 1 1 1 1
1 1 1 1 1 1 1 1
1 1 1 1 1 1 1 1
1 1 1 1 1 1 1 1
1 1 1 1 1 1 1 1