matrix
3
(0,0) (0,0) (0,0) (0,0) (0,0) (0,0) (0,0) (0,0)
(0,0) (0,0) (0,0) (0,0) (0,0) (0,0) (0,0) (0,0)
(0.5773502691896258,0) (0,0) (0,0) (0,0) (0,0) (0,0) (0,0) (0,0)
(0,0) (0,0) (0,0) (0,0) (0,0) (0,0) (0,0) (0,0)
(-0.5773502691896258,0) (0,0) (0,0) (0,0) (0,0) (0,0) (0,0) (0,0)
(0,0) (0,0) (0,0) (0,0) (0,0) (0,0) (0,0) (0,0)
(0,0) (0,0) (0,0) (0,0) (0,0) (0,0) (0,0) (0,0)
(-0.5773502691896258,0) (0,0) (0,0) (0,0) (0,0) (0,0) (0,0) (0,0)
1 0 0 0 0 0 0 0
1 0 0 0 0 0 0 0
1 0 0 0 0 0 0 0
1 0 0 0 0 0 0 0
1 0 0 0 0 0 0 0
1 0 0 0 0 0 0 0
1 0 0 0 0 0 0 0
1 0 0 0 0 0 0 0