matrix
3
(0.426776695296637,0.176776695296637) (0.0732233047033631,-0.176776695296637) (0.0732233047033631,-0.176776695296637) (0.426776695296637,0.176776695296637) (-0.176776695296637,0.426776695296637) (0.176776695296637,0.0732233047033631) (0.176776695296637,0.0732233047033631) (-0.176776695296637,0.426776695296637)
(0.0732233047033631,-0.176776695296637) (0.426776695296637,0.176776695296637) (0.426776695296637,0.176776695296637) (0.0732233047033631,-0.176776695296637) (0.176776695296637,0.0732233047033631) (-0.176776695296637,0.426776695296637) (-0.176776695296637,0.426776695296637) (0.176776695296637,0.0732233047033631)
(0.176776695296637,0.426776695296637) (0.176776695296637,-0.0732233047033631) (-0.176776695296637,0.0732233047033631) (-0.176776695296637,-0.426776695296637) (-0.426776695296637,0.176776695296637) (0.0732233047033631,0.176776695296637) (-0.0732233047033631,-0.176776695296637) (0.426776695296637,-0.176776695296637)
(0.176776695296637,-0.0732233047033631) (0.176776695296637,0.426776695296637) (-0.176776695296637,-0.426776695296637) (-0.176776695296637,0.0732233047033631) (0.0732233047033631,0.176776695296637) (-0.426776695296637,0.176776695296637) (0.426776695296637,-0.176776695296637) (-0.0732233047033631,-0.176776695296637)
(0.0732233047033631,-0.176776695296637) (0.426776695296637,0.176776695296637) (-0.426776695296637,-0.176776695296637) (-0.0732233047033631,0.176776695296637) (-0.176776695296637,-0.0732233047033631) (0.176776695296637,-0.426776695296637) (-0.176776695296637,0.426776695296637) (0.176776695296637,0.0732233047033631)
(0.426776695296637,0.176776695296637) (0.0732233047033631,-0.176776695296637) (-0.0732233047033631,0.176776695296637) (-0.426776695296637,-0.176776695296637) (0.176776695296637,-0.426776695296637) (-0.176776695296637,-0.0732233047033631) (0.176776695296637,0.0732233047033631) (-0.176776695296637,0.426776695296637)
(0.176776695296637,-0.0732233047033631) (0.176776695296637,0.426776695296637) (0.176776695296637,0.426776695296637) (0.176776695296637,-0.0732233047033631) (-0.0732233047033631,-0.176776695296637) (0.426776695296637,-0.176776695296637) (0.426776695296637,-0.176776695296637) (-0.0732233047033631,-0.176776695296637)
(0.176776695296637,0.426776695296637) (0.176776695296637,-0.0732233047033631) (0.176776695296637,-0.0732233047033631) (0.176776695296637,0.426776695296637) (0.426776695296637,-0.176776695296637) (-0.0732233047033631,-0.176776695296637) (-0.0732233047033631,-0.176776695296637) (0.426776695296637,-0.176776695296637)
1 1 1 1 1 1 1 1
1 1 1 1 1 1 1 1
1 1 1 1 1 1 1 1
1 1 1 1 1 1 1 1
1 1 1 1 1 1 1 1
1 1 1 1 1 1 1 1
1 1 1 1 1 1 1 1
1 1 1 1 1 1 1 1
