matrix
3
(0.25,-0.25) (0.25,-0.25) (0.25,0.25) (-0.25,-0.25) (0,0.353553390593274) (0,0.353553390593274) (-0.353553390593274,0) (0.353553390593274,0)
(0.25,0.25) (0.25,0.25) (0.25,-0.25) (-0.25,0.25) (0.353553390593274,0) (0.353553390593274,0) (0,-0.353553390593274) (0,0.353553390593274)
(0.25,-0.25) (-0.25,0.25) (-0.25,-0.25) (-0.25,-0.25) (0,-0.353553390593274) (0,0.353553390593274) (-0.353553390593274,0) (-0.353553390593274,0)
(-0.25,-0.25) (0.25,0.25) (0.25,-0.25) (0.25,-0.25) (0.353553390593274,0) (-0.353553390593274,0) (0,0.353553390593274) (0,0.353553390593274)
(0.25,-0.25) (0.25,-0.25) (0.25,0.25) (-0.25,-0.25) (0,-0.353553390593274) (0,-0.353553390593274) (0.353553390593274,0) (-0.353553390593274,0)
(0.25,0.25) (0.25,0.25) (0.25,-0.25) (-0.25,0.25) (-0.353553390593274,0) (-0.353553390593274,0) (0,0.353553390593274) (0,-0.353553390593274)
(0.25,-0.25) (-0.25,0.25) (-0.25,-0.25) (-0.25,-0.25) (0,0.353553390593274) (0,-0.353553390593274) (0.353553390593274,0) (0.353553390593274,0)
(-0.25,-0.25) (0.25,0.25) (0.25,-0.25) (0.25,-0.25) (-0.353553390593274,0) (0.353553390593274,0) (0,-0.353553390593274) (0,-0.353553390593274)
1 1 1 1 1 1 1 1
1 1 1 1 1 1 1 1
1 1 1 1 1 1 1 1
1 1 1 1 1 1 1 1
1 1 1 1 1 1 1 1
1 1 1 1 1 1 1 1
1 1 1 1 1 1 1 1
1 1 1 1 1 1 1 1
