matrix
4
(0.707106781186547,0) (0,0) (0,0) (0,0) (0.707106781186547,0) (0,0) (0,0) (0,0) (0,0) (0,0) (0,0) (0,0) (0,0) (0,0) (0,0) (0,0)
(0,0) (0,0) (0,0) (0,0) (0,0) (0,0) (0,0) (0,0) (0,0) (0,-0.707106781186547) (0,0) (0,0) (0,0) (0,-0.707106781186547) (0,0) (0,0)
(0,0) (0,0) (0,0) (0,0) (0,0) (0,0) (0,0) (0,0) (0,0) (0,0) (0,0.707106781186547) (0,0) (0,0) (0,0) (0,0.707106781186547) (0,0)
(0,0) (0,0) (0,0) (0,0.707106781186547) (0,0) (0,0) (0,0) (0,0.707106781186547) (0,0) (0,0) (0,0) (0,0) (0,0) (0,0) (0,0) (0,0)
(0,0) (0,0) (0.707106781186547,0) (0,0) (0,0) (0,0) (-0.707106781186547,0) (0,0) (0,0) (0,0) (0,0) (0,0) (0,0) (0,0) (0,0) (0,0)
(0,0) (0,0) (0,0) (0,0) (0,0) (0,0) (0,0) (0,0) (0,0) (0,0) (0,0) (0,-0.707106781186547) (0,0) (0,0) (0,0) (0,0.707106781186547)
(0,0) (0,0) (0,0) (0,0) (0,0) (0,0) (0,0) (0,0) (-0.707106781186547,0) (0,0) (0,0) (0,0) (0.707106781186547,0) (0,0) (0,0) (0,0)
(0,0) (-0.707106781186547,0) (0,0) (0,0) (0,0) (0.707106781186547,0) (0,0) (0,0) (0,0) (0,0) (0,0) (0,0) (0,0) (0,0) (0,0) (0,0)
(0,0) (0,0) (0,0) (0,0) (0,0) (0,0) (0,0) (0,0) (0,-0.707106781186547) (0,0) (0,0) (0,0) (0,-0.707106781186547) (0,0) (0,0) (0,0)
(0,0) (0.707106781186547,0) (0,0) (0,0) (0,0) (0.707106781186547,0) (0,0) (0,0) (0,0) (0,0) (0,0) (0,0) (0,0) (0,0) (0,0) (0,0)
(0,0) (0,0) (0,0.707106781186547) (0,0) (0,0) (0,0) (0,0.707106781186547) (0,0) (0,0) (0,0) (0,0) (0,0) (0,0) (0,0) (0,0) (0,0)
(0,0) (0,0) (0,0) (0,0) (0,0) (0,0) (0,0) (0,0) (0,0) (0,0) (0,0) (0,0.707106781186547) (0,0) (0,0) (0,0) (0,0.707106781186547)
(0,0) (0,0) (0,0) (0,0) (0,0) (0,0) (0,0) (0,0) (0,0) (0,0) (0,-0.707106781186547) (0,0) (0,0) (0,0) (0,0.707106781186547) (0,0)
(0,0) (0,0) (0,0) (0.707106781186547,0) (0,0) (0,0) (0,0) (-0.707106781186547,0) (0,0) (0,0) (0,0) (0,0) (0,0) (0,0) (0,0) (0,0)
(-0.707106781186547,0) (0,0) (0,0) (0,0) (0.707106781186547,0) (0,0) (0,0) (0,0) (0,0) (0,0) (0,0) (0,0) (0,0) (0,0) (0,0) (0,0)
(0,0) (0,0) (0,0) (0,0) (0,0) (0,0) (0,0) (0,0) (0,0) (-0.707106781186547,0) (0,0) (0,0) (0,0) (0.707106781186547,0) (0,0) (0,0)
1 1 1 1 1 1 1 1 1 1 1 1 1 1 1 1
1 1 1 1 1 1 1 1 1 1 1 1 1 1 1 1
1 1 1 1 1 1 1 1 1 1 1 1 1 1 1 1
1 1 1 1 1 1 1 1 1 1 1 1 1 1 1 1
1 1 1 1 1 1 1 1 1 1 1 1 1 1 1 1
1 1 1 1 1 1 1 1 1 1 1 1 1 1 1 1
1 1 1 1 1 1 1 1 1 1 1 1 1 1 1 1
1 1 1 1 1 1 1 1 1 1 1 1 1 1 1 1
1 1 1 1 1 1 1 1 1 1 1 1 1 1 1 1
1 1 1 1 1 1 1 1 1 1 1 1 1 1 1 1
1 1 1 1 1 1 1 1 1 1 1 1 1 1 1 1
1 1 1 1 1 1 1 1 1 1 1 1 1 1 1 1
1 1 1 1 1 1 1 1 1 1 1 1 1 1 1 1
1 1 1 1 1 1 1 1 1 1 1 1 1 1 1 1
1 1 1 1 1 1 1 1 1 1 1 1 1 1 1 1
1 1 1 1 1 1 1 1 1 1 1 1 1 1 1 1
