matrix
4
(0.146446609406726,0.353553390593274) (0,0) (0,0) (0,0) (0,0) (0,0) (0,0) (0,0) (0,0) (0,0) (0,0) (0,0) (0,0) (0,0) (0,0) (0,0)
(0.853553390593274,-0.353553390593274) (0,0) (0,0) (0,0) (0,0) (0,0) (0,0) (0,0) (0,0) (0,0) (0,0) (0,0) (0,0) (0,0) (0,0) (0,0)
(0,0) (0,0) (0.353553390593274,-0.853553390593274) (0.146446609406726,0.353553390593274) (0,0) (0,0) (0,0) (0,0) (0,0) (0,0) (0,0) (0,0) (0,0) (0,0) (0,0) (0,0)
(0,0) (0,0) (0.353553390593274,0.146446609406726) (0.853553390593273,-0.353553390593274) (0,0) (0,0) (0,0) (0,0) (0,0) (0,0) (0,0) (0,0) (0,0) (0,0) (0,0) (0,0)
(0,0) (0,0) (0,0) (0,0) (0,0) (0,0) (-0.146446609406726,0.353553390593274) (0.353553390593274,0.853553390593273) (0,0) (0,0) (0,0) (0,0) (0,0) (0,0) (0,0) (0,0)
(0,0) (0,0) (0,0) (0,0) (0,0) (0,0) (0.853553390593273,0.353553390593274) (-0.353553390593274,0.146446609406726) (0,0) (0,0) (0,0) (0,0) (0,0) (0,0) (0,0) (0,0)
(0,0) (0,0) (0,0) (0,0) (0,0) (-0.146446609406726,0.353553390593274) (0,0) (0,0) (0,0) (0,0) (0,0) (0,0) (0,0) (0,0) (0,0) (0,0)
(0,0) (0,0) (0,0) (0,0) (0,0) (0.853553390593273,0.353553390593274) (0,0) (0,0) (0,0) (0,0) (0,0) (0,0) (0,0) (0,0) (0,0) (0,0)
(0,0) (0,0) (0,0) (0,0) (0,0) (0,0) (0,0) (0,0) (-0.353553390593274,0.146446609406726) (-0.353553390593274,0.853553390593273) (0,0) (0,0) (0,0) (0,0) (0,0) (0,0)
(0,0) (0,0) (0,0) (0,0) (0,0) (0,0) (0,0) (0,0) (0.353553390593274,0.853553390593274) (-0.353553390593274,-0.146446609406726) (0,0) (0,0) (0,0) (0,0) (0,0) (0,0)
(0,0) (0,0) (0,0) (0,0) (0,0) (0,0) (0,0) (0,0) (0,0) (0,0) (0,0) (0,0) (0,0) (0,0) (0,0) (0,0)
(0,0) (0,0) (0,0) (0,0) (0,0) (0,0) (0,0) (0,0) (0,0) (0,0) (0,0) (0,0) (0,0) (0,0) (0,0) (0,0)
(0,0) (0,0) (0,0) (0,0) (0,0) (0,0) (0,0) (0,0) (0,0) (0,0) (0,0) (0,0) (0,0) (0,0) (-0.353553390593274,-0.146446609406726) (0,0)
(0,0) (0,0) (0,0) (0,0) (0,0) (0,0) (0,0) (0,0) (0,0) (0,0) (0,0) (0,0) (0,0) (0,0) (-0.353553390593274,0.853553390593273) (0,0)
(0,0) (0,0) (0,0) (0,0) (0,0) (0,0) (0,0) (0,0) (0,0) (0,0) (0,0) (0,0) (0,0) (0,0) (0,0) (0,0)
(0,0) (0,0) (0,0) (0,0) (0,0) (0,0) (0,0) (0,0) (0,0) (0,0) (0,0) (0,0) (0,0) (0,0) (0,0) (0,0)
1 0 1 1 0 1 1 1 1 1 0 0 0 0 1 0
1 0 1 1 0 1 1 1 1 1 0 0 0 0 1 0
1 0 1 1 0 1 1 1 1 1 0 0 0 0 1 0
1 0 1 1 0 1 1 1 1 1 0 0 0 0 1 0
1 0 1 1 0 1 1 1 1 1 0 0 0 0 1 0
1 0 1 1 0 1 1 1 1 1 0 0 0 0 1 0
1 0 1 1 0 1 1 1 1 1 0 0 0 0 1 0
1 0 1 1 0 1 1 1 1 1 0 0 0 0 1 0
1 0 1 1 0 1 1 1 1 1 0 0 0 0 1 0
1 0 1 1 0 1 1 1 1 1 0 0 0 0 1 0
1 0 1 1 0 1 1 1 1 1 0 0 0 0 1 0
1 0 1 1 0 1 1 1 1 1 0 0 0 0 1 0
1 0 1 1 0 1 1 1 1 1 0 0 0 0 1 0
1 0 1 1 0 1 1 1 1 1 0 0 0 0 1 0
1 0 1 1 0 1 1 1 1 1 0 0 0 0 1 0
1 0 1 1 0 1 1 1 1 1 0 0 0 0 1 0
