matrix
4
(0.5,0) (0,0) (0,0) (0,0) (0,0) (0,0) (0,0) (0,0) (0,0) (0,0) (0,0) (0,0) (0,0) (0,0) (0,0) (0,0)
(0,0) (0,0.5) (0,0) (0,0) (0,0) (0,0.5) (0,0) (0,0) (0,0) (0,0.5) (0,0) (0,0) (0,0) (0,0.5) (0,0) (0,0)
(0,0) (0,0) (0,0) (0.353553390593274,0.353553390593274) (0,0) (0,0) (0,0) (0.353553390593274,0.353553390593274) (0,0) (0,0) (0,0) (0,0) (0,0) (0,0) (0,0) (0.353553390593274,0.353553390593274)
(0,0) (0,0) (-0.353553390593274,0.353553390593274) (0,0) (0,0) (0,0) (0,0) (0,0) (0,0) (0,0) (-0.353553390593274,0.353553390593274) (0,0) (0,0) (0,0) (-0.353553390593274,0.353553390593274) (0,0)
(0,0) (0,-0.5) (0,0) (0,0) (0,0) (0,0.5) (0,0) (0,0) (0,0) (0,-0.5) (0,0) (0,0) (0,0) (0,0.5) (0,0) (0,0)
(-0.5,0) (0,0) (0,0) (0,0) (0,0) (0,0) (0,0) (0,0) (0,0) (0,0) (0,0) (0,0) (0,0) (0,0) (0,0) (0,0)
(0,0) (0,0) (0.353553390593274,-0.353553390593274) (0,0) (0,0) (0,0) (0,0) (0,0) (0,0) (0,0) (0.353553390593274,-0.353553390593274) (0,0) (0,0) (0,0) (-0.353553390593274,0.353553390593274) (0,0)
(0,0) (0,0) (0,0) (-0.353553390593274,-0.353553390593274) (0,0) (0,0) (0,0) (0.353553390593274,0.353553390593274) (0,0) (0,0) (0,0) (0,0) (0,0) (0,0) (0,0) (0.353553390593274,0.353553390593274)
(0,0) (0,0) (0,0) (-0.353553390593274,0.353553390593274) (0,0) (0,0) (0,0) (-0.353553390593274,0.353553390593274) (0,0) (0,0) (0,0) (0,0) (0,0) (0,0) (0,0) (0.353553390593274,-0.353553390593274)
(0,0) (0,0) (-0.353553390593274,-0.353553390593274) (0,0) (0,0) (0,0) (0,0) (0,0) (0,0) (0,0) (0.353553390593274,0.353553390593274) (0,0) (0,0) (0,0) (0.353553390593274,0.353553390593274) (0,0)
(0,0.5) (0,0) (0,0) (0,0) (0,0) (0,0) (0,0) (0,0) (0,0) (0,0) (0,0) (0,0) (0,0) (0,0) (0,0) (0,0)
(0,0) (-0.5,0) (0,0) (0,0) (0,0) (-0.5,0) (0,0) (0,0) (0,0) (0.5,0) (0,0) (0,0) (0,0) (0.5,0) (0,0) (0,0)
(0,0) (0,0) (0.353553390593274,0.353553390593274) (0,0) (0,0) (0,0) (0,0) (0,0) (0,0) (0,0) (-0.353553390593274,-0.353553390593274) (0,0) (0,0) (0,0) (0.353553390593274,0.353553390593274) (0,0)
(0,0) (0,0) (0,0) (0.353553390593274,-0.353553390593274) (0,0) (0,0) (0,0) (-0.353553390593274,0.353553390593274) (0,0) (0,0) (0,0) (0,0) (0,0) (0,0) (0,0) (0.353553390593274,-0.353553390593274)
(0,0) (0.5,0) (0,0) (0,0) (0,0) (-0.5,0) (0,0) (0,0) (0,0) (-0.5,0) (0,0) (0,0) (0,0) (0.5,0) (0,0) (0,0)
(0,-0.5) (0,0) (0,0) (0,0) (0,0) (0,0) (0,0) (0,0) (0,0) (0,0) (0,0) (0,0) (0,0) (0,0) (0,0) (0,0)
1 1 1 1 0 1 0 1 0 1 1 0 0 1 1 1
1 1 1 1 0 1 0 1 0 1 1 0 0 1 1 1
1 1 1 1 0 1 0 1 0 1 1 0 0 1 1 1
1 1 1 1 0 1 0 1 0 1 1 0 0 1 1 1
1 1 1 1 0 1 0 1 0 1 1 0 0 1 1 1
1 1 1 1 0 1 0 1 0 1 1 0 0 1 1 1
1 1 1 1 0 1 0 1 0 1 1 0 0 1 1 1
1 1 1 1 0 1 0 1 0 1 1 0 0 1 1 1
1 1 1 1 0 1 0 1 0 1 1 0 0 1 1 1
1 1 1 1 0 1 0 1 0 1 1 0 0 1 1 1
1 1 1 1 0 1 0 1 0 1 1 0 0 1 1 1
1 1 1 1 0 1 0 1 0 1 1 0 0 1 1 1
1 1 1 1 0 1 0 1 0 1 1 0 0 1 1 1
1 1 1 1 0 1 0 1 0 1 1 0 0 1 1 1
1 1 1 1 0 1 0 1 0 1 1 0 0 1 1 1
1 1 1 1 0 1 0 1 0 1 1 0 0 1 1 1
