matrix
2
(0.353553390593274,-1.96261557335472e-17) (0.353553390593274,-0.5) (0.353553390593274,-1.96261557335472e-17) (0.353553390593274,-0.5)
(-0.5,0.353553390593274) (5.88784672006416e-17,0.353553390593274) (0.5,-0.353553390593274) (-5.88784672006416e-17,-0.353553390593274)
(0.353553390593274,-1.96261557335472e-17) (-0.353553390593274,0.5) (-0.353553390593274,1.96261557335472e-17) (0.353553390593274,-0.5)
(0.5,-0.353553390593274) (5.88784672006416e-17,0.353553390593274) (0.5,-0.353553390593274) (5.88784672006416e-17,0.353553390593274)
1 1 1 1
1 1 1 1
1 1 1 1
1 1 1 1
