matrix
2
(5.55111512312578e-17,0) (-2.77555756156289e-17,-0.5) (0.707106781186547,0) (-0.5,-2.77555756156289e-17)
(-5.55111512312578e-17,-5.55111512312578e-17) (0.353553390593274,-0.353553390593274) (-0.5,-0.5) (-0.353553390593274,-0.353553390593274)
(0.707106781186547,0) (0.5,2.77555756156289e-17) (5.55111512312578e-17,0) (2.77555756156289e-17,0.5)
(0.5,0.5) (-0.353553390593274,-0.353553390593274) (5.55111512312578e-17,5.55111512312578e-17) (0.353553390593274,-0.353553390593274)
1 1 1 1
1 1 1 1
1 1 1 1
1 1 1 1
